After Normalization
Std: 0.03784274816542837
Mean: 0.4999761029381264