After Normalization
Std: 0.02733227647520491
Mean: 0.5120239574831069