After Normalization
Std: 0.05175877876885056
Mean: 0.5154980942035325