After Normalization
Std: 0.018197212265700546
Mean: 0.49631412115941825