After Normalization
Var: 0.0014522202426374424
Std: 0.03810800759207233
Mean: 0.5046836508099838

