After Normalization
Var: 0.0014417737244069911
Std: 0.03797069560077865
Mean: 0.505686555530838

