After Normalization
Var: 0.002423985675803062
Std: 0.04923398902996853
Mean: 0.5205005908999027

