After Normalization
Std: 0.034878995359168066
Mean: 0.5036636640677031