After Normalization
Var: 0.00151629008034652
Std: 0.03893956959631834
Mean: 0.5207887468815012

