After Normalization
Std: 0.0254987569793736
Mean: 0.49995430702438487