After Normalization
Std: 0.07271423436278862
Mean: 0.5003204606162982