After Normalization
Std: 0.04089523455073246
Mean: 0.5228202817278905
